4
2 0
4
30 1
4
33 2
4
42 3
4
3 4
4
49 5
4
87 6
4
46 7
4
94 8
4
43 9
4
21 10
4
63 11
4
8 12
4
69 13
4
40 14
4
70 15
4
2 16
4
32 17
4
34 18
4
73 19
4
11 20
4
66 21
4
43 22
4
42 23
4
31 24
4
93 25
4
28 26
4
18 27
4
63 28
4
78 29
4
8 30
4
44 31
4
17 32
4
53 33
4
45 34
4
100 35
4
56 36
4
94 37
4
53 38
4
79 39
4
52 40
4
74 41
4
49 42
4
78 43
4
7 44
4
87 45
4
23 46
4
63 47
4
94 48
4
45 49
4
44 50
4
25 51
4
47 52
4
23 53
4
20 54
4
87 55
4
400 56
4
68 57
4
75 58
4
99 59
4
74 60
4
32 61
4
76 62
4
44 63
4
64 64
4
93 65
4
3 66
4
55 67
4
79 68
4
54 69
4
52 70
4
35 71
4
49 72
4
65 73
4
58 74
4
49 75
4
43 76
4
44 77
4
85 78
4
55 79
4
72 80
4
56 81
4
5 82
4
46 83
4
97 84
4
43 85
4
55 86
4
5 87
4
50 88
4
29 89
4
5 90
4
49 91
4
72 92
4
67 93
4
22 94
4
30 95
4
36 96
4
45 97
4
30 98
4
95 99
4
69 100
